freqency: 88
freqency: 37
data: 249,253,144,255,117
data: 249,253,144,255,117
freqency: 11
data: 249,253,144,255,117
data: 249,253,144,255,117
freqency: 44
data: 249,253,144,255,117
data: 249,253,144,255,117
freqency: 43
data: 249,253,144,255,117
data: 249,253,144,255,117
freqency: 29
data: 249,253,144,255,117
data: 249,253,144,255,117
freqency: 25
data: 250,253,144,255,117
data: 250,253,144,255,117
freqency: 56
data: 249,253,144,255,117
data: 249,253,144,255,117
freqency: 16
data: 249,253,144,255,117
data: 249,253,144,255,117
freqency: 19
data: 249,253,144,255,117
data: 249,253,144,255,117
freqency: 48
data: 249,253,144,255,117
data: 249,253,144,255,117
freqency: 72
data: 249,253,144,255,117
data: 249,253,144,255,117
freqency: 46
data: 249,253,144,255,117
data: 249,253,144,255,117
freqency: 23
data: 249,253,144,255,117
data: 249,253,144,255,117
freqency: 33
data: 249,253,144,255,117
data: 249,253,144,255,117
freqency: 52
data: 249,253,144,255,117
data: 249,253,144,255,117
freqency: 37
data: 249,253,144,255,117
data: 249,253,144,255,117
freqency: 11
data: 249,253,144,255,117
data: 249,253,144,255,117
freqency: 44
data: 249,253,144,255,117
data: 249,253,144,255,117
freqency: 43
data: 249,253,144,255,117
data: 249,253,144,255,117
freqency: 29
data: 249,253,144,255,117
data: 249,253,144,255,117
freqency: 25
data: 249,253,144,255,117
data: 249,253,144,255,117
freqency: 56
data: 249,253,144,255,117
data: 249,253,144,255,117
freqency: 16
data: 249,253,144,255,117
data: 249,253,144,255,117
freqency: 19
data: 249,253,144,255,117
data: 249,253,144,255,117
freqency: 48
data: 249,253,144,255,117
data: 249,253,144,255,117
freqency: 72
data: 249,253,144,255,117
data: 249,253,144,255,117
freqency: 46
data: 249,253,144,255,117
data: 249,253,144,255,117
freqency: 23
data: 249,253,144,255,117
data: 249,253,144,255,117
freqency: 33
data: 249,253,144,255,117
data: 249,253,144,255,117
freqency: 52
data: 249,253,144,255,117
data: 249,253,144,255,117
freqency: 37
data: 249,253,144,255,117
data: 249,253,144,255,117
freqency: 11
data: 249,253,144,255,117
data: 249,253,144,255,117
freqency: 44
data: 249,253,144,255,117
data: 249,253,144,255,117
freqency: 43
data: 249,253,144,255,117
data: 249,253,144,255,117
freqency: 29
data: 249,253,144,255,117
data: 249,253,144,255,117
freqency: 25
data: 249,253,144,255,117
data: 249,253,144,255,117
freqency: 56
data: 249,253,144,255,117
data: 249,253,144,255,117
freqency: 16
data: 249,253,144,255,117
data: 249,253,144,255,117
freqency: 19
data: 249,253,144,255,117
data: 249,253,144,255,117
freqency: 48
data: 249,253,144,255,117
data: 249,253,144,255,117
freqency: 72
data: 249,253,144,255,117
data: 249,253,144,255,117
freqency: 46
data: 249,253,144,255,117
data: 249,253,144,255,117
freqency: 23
data: 249,253,144,255,117
data: 249,253,144,255,117
freqency: 33
data: 249,253,144,255,117
data: 249,253,144,255,117
freqency: 52
data: 249,253,144,255,117
data: 249,253,144,255,117
freqency: 37
data: 249,253,144,255,117
data: 249,253,144,255,117
freqency: 11
data: 249,253,144,255,117
data: 249,253,144,255,117
freqency: 44
data: 249,253,144,255,117
data: 249,253,144,255,117
freqency: 43
data: 249,253,144,255,117
data: 249,253,144,255,117
freqency: 29
data: 249,253,144,255,117
data: 249,253,144,255,117
freqency: 25
data: 249,253,144,255,117
data: 249,253,144,255,117
freqency: 56
data: 249,253,144,255,117
data: 249,253,144,255,117
freqency: 16
data: 249,253,144,255,117
data: 249,253,144,255,117
freqency: 19
data: 249,253,144,255,117
data: 249,253,144,255,117
freqency: 48
data: 249,253,144,255,117
data: 249,253,144,255,117
freqency: 72
data: 249,253,144,255,117
data: 249,253,144,255,117
freqency: 46
data: 249,253,144,255,117
data: 249,253,144,255,117
freqency: 23
data: 249,253,144,255,117
data: 249,253,144,255,117
freqency: 33
data: 249,253,144,255,117
data: 249,253,144,255,117
freqency: 52
data: 249,253,144,255,117
data: 249,253,144,255,117
freqency: 37
data: 249,253,144,255,117
data: 249,253,144,255,117
freqency: 11
data: 249,253,144,255,117
data: 249,253,144,255,117
freqency: 44
data: 249,253,144,255,117
data: 249,253,144,255,117
freqency: 43
data: 249,253,144,255,117
data: 249,253,144,255,117
freqency: 29
data: 249,253,144,255,117
data: 249,253,144,255,117
freqency: 25
data: 249,253,144,255,117
data: 249,253,144,255,117
freqency: 56
data: 249,253,144,255,117
data: 249,253,144,255,117
freqency: 16
data: 249,253,144,255,117
data: 249,253,144,255,117
freqency: 19
data: 249,253,144,255,117
data: 249,253,144,255,117
freqency: 48
data: 249,253,144,255,117
data: 249,253,144,255,117
freqency: 72
data: 249,253,144,255,117
data: 249,253,144,255,117
freqency: 46
data: 249,253,144,255,117
data: 249,253,144,255,117
freqency: 23
data: 249,253,144,255,117
data: 249,253,144,255,117
freqency: 33
data: 249,253,144,255,117
data: 249,253,144,255,117
freqency: 52
data: 249,253,144,255,117
data: 249,253,144,255,117
freqency: 37
data: 249,253,144,255,117
data: 249,253,144,255,117
freqency: 11
data: 249,253,144,255,117
data: 249,253,144,255,117
freqency: 44
data: 249,253,144,255,117
data: 249,253,144,255,117
freqency: 43
data: 249,253,144,255,117
data: 249,253,144,255,117
freqency: 29
data: 249,253,144,255,117
data: 249,253,144,255,117
freqency: 80
data: 34,90,131,71
freqency: 25
data: 249,253,144,255,117
data: 249,253,144,255,117
freqency: 56
data: 249,253,144,255,117
data: 249,253,144,255,117
freqency: 16
data: 249,253,144,255,117
data: 249,253,144,255,117
freqency: 19
data: 249,253,144,255,117
data: 249,253,144,255,117
freqency: 48
data: 249,253,144,255,117
data: 249,253,144,255,117
freqency: 72
data: 249,253,144,255,117
data: 249,253,144,255,117
freqency: 46
data: 249,253,144,255,117
data: 249,253,144,255,117
freqency: 23
data: 249,253,144,255,117
data: 249,253,144,255,117
freqency: 33
data: 249,253,144,255,117
data: 249,253,144,255,117
freqency: 52
data: 249,253,144,255,117
data: 249,253,144,255,117
freqency: 37
data: 249,253,144,255,117
data: 249,253,144,255,117
freqency: 11
data: 249,253,144,255,117
data: 249,253,144,255,117
freqency: 44
data: 249,253,144,255,117
data: 249,253,144,255,117
freqency: 43
data: 249,253,144,255,117
data: 249,253,144,255,117
freqency: 29
data: 249,253,144,255,117
data: 249,253,144,255,117
freqency: 25
data: 249,253,144,255,117
data: 249,253,144,255,117
freqency: 56
data: 249,253,144,255,117
data: 249,253,144,255,117
freqency: 16
data: 249,253,144,255,117
data: 249,253,144,255,117
freqency: 19
data: 249,253,144,255,117
data: 249,253,144,255,117
freqency: 48
data: 249,253,144,255,117
data: 249,253,144,255,117
freqency: 72
data: 249,253,144,255,117
data: 249,253,144,255,117
freqency: 46
data: 249,253,144,255,117
data: 249,253,144,255,117
freqency: 23
data: 249,253,144,255,117
data: 249,253,144,255,117
freqency: 33
data: 249,253,144,255,117
data: 249,253,144,255,117
freqency: 52
data: 249,253,144,255,117
data: 249,253,144,255,117
freqency: 37
data: 249,253,144,255,117
data: 249,253,144,255,117
freqency: 11
data: 249,253,144,255,117
data: 249,253,144,255,117
freqency: 44
data: 249,253,144,255,117
data: 249,253,144,255,117
freqency: 43
data: 249,253,144,255,117
data: 249,253,144,255,117
freqency: 29
data: 249,253,144,255,117
data: 249,253,144,255,117
freqency: 25
data: 249,253,144,255,117
data: 249,253,144,255,117
freqency: 56
data: 249,253,144,255,117
data: 249,253,144,255,117
freqency: 16
data: 249,253,144,255,117
data: 249,253,144,255,117
freqency: 19
data: 249,253,144,255,117
data: 249,253,144,255,117
freqency: 48
data: 249,253,144,255,117
data: 249,253,144,255,117
freqency: 72
data: 249,253,144,255,117
data: 249,253,144,255,117
freqency: 46
data: 249,253,144,255,117
data: 249,253,144,255,117
freqency: 23
data: 249,253,144,255,117
data: 249,253,144,255,117
freqency: 33
data: 249,253,144,255,117
data: 249,253,144,255,117
freqency: 52
data: 249,253,144,255,117
data: 249,253,144,255,117
freqency: 37
data: 249,253,144,255,117
data: 249,253,144,255,117
freqency: 11
data: 249,253,144,255,117
data: 249,253,144,255,117
freqency: 44
data: 249,253,144,255,117
data: 249,253,144,255,117
freqency: 43
data: 249,253,144,255,117
data: 249,253,144,255,117
freqency: 29
data: 249,253,144,255,117
data: 249,253,144,255,117
freqency: 25
data: 249,253,144,255,117
data: 249,253,144,255,117
freqency: 56
data: 249,253,144,255,117
data: 249,253,144,255,117
freqency: 16
data: 249,253,144,255,117
data: 249,253,144,255,117
freqency: 19
data: 249,253,144,255,117
data: 249,253,144,255,117
freqency: 48
data: 249,253,144,255,117
data: 249,253,144,255,117
freqency: 72
data: 249,253,144,255,117
data: 249,253,144,255,117
freqency: 46
data: 249,253,144,255,117
data: 249,253,144,255,117
freqency: 23
data: 249,253,144,255,117
data: 249,253,144,255,117
freqency: 33
data: 249,253,144,255,117
data: 249,253,144,255,117
freqency: 52
data: 249,253,144,255,117
data: 249,253,144,255,117
freqency: 37
data: 249,253,144,255,117
data: 249,253,144,255,117
freqency: 11
data: 249,253,144,255,117
data: 249,253,144,255,117
freqency: 44
data: 249,253,144,255,117
data: 249,253,144,255,117
freqency: 43
data: 249,253,144,255,117
data: 249,253,144,255,117
freqency: 29
data: 249,253,144,255,117
data: 249,253,144,255,117
freqency: 25
data: 249,253,144,255,117
data: 249,253,144,255,117
freqency: 56
data: 249,253,144,255,117
data: 249,253,144,255,117
freqency: 16
data: 249,253,144,255,117
data: 249,253,144,255,117
freqency: 19
data: 249,253,144,255,117
data: 249,253,144,255,117
freqency: 48
data: 249,253,144,255,117
data: 249,253,144,255,117
freqency: 72
data: 249,253,144,255,117
data: 249,253,144,255,117
freqency: 46
data: 249,253,144,255,117
data: 249,253,144,255,117
freqency: 23
data: 248,253,144,255,117
data: 248,253,144,255,117
freqency: 33
data: 249,253,144,255,117
data: 249,253,144,255,117
freqency: 52
data: 249,253,144,255,117
data: 249,253,144,255,117
freqency: 37
data: 249,253,144,255,117
data: 249,253,144,255,117
freqency: 11
data: 249,253,144,255,117
data: 249,253,144,255,117
freqency: 44
data: 249,253,144,255,117
data: 249,253,144,255,117
freqency: 43
data: 249,253,144,255,117
data: 249,253,144,255,117
freqency: 29
data: 249,253,144,255,117
data: 249,253,144,255,117
freqency: 25
data: 249,253,144,255,117
data: 249,253,144,255,117
freqency: 56
data: 249,253,144,255,117
data: 249,253,144,255,117
freqency: 16
data: 250,253,144,255,117
data: 250,253,144,255,117
freqency: 19
data: 249,253,144,255,117
data: 249,253,144,255,117
freqency: 48
data: 249,253,144,255,117
data: 249,253,144,255,117
freqency: 80
data: 34,90,131,71
freqency: 72
data: 249,253,144,255,117
data: 249,253,144,255,117
freqency: 46
data: 249,253,144,255,117
data: 249,253,144,255,117
freqency: 23
data: 249,251,144,255,117
data: 249,251,144,255,117
freqency: 33
data: 249,250,144,255,117
data: 249,250,144,255,117
freqency: 52
data: 249,248,144,255,117
data: 249,248,144,255,117
freqency: 37
data: 249,247,144,255,117
data: 249,247,144,255,117
freqency: 11
data: 249,243,144,255,117
data: 249,243,144,255,117
freqency: 44
data: 249,239,144,255,117
data: 249,239,144,255,117
freqency: 43
data: 249,237,144,255,117
data: 249,237,144,255,117
freqency: 29
data: 249,231,144,255,117
data: 249,231,144,255,117
freqency: 25
data: 249,225,144,255,117
data: 249,225,144,255,117
freqency: 56
data: 249,209,144,255,117
data: 249,209,144,255,117
freqency: 16
data: 249,176,144,255,117
data: 249,176,144,255,117
freqency: 19
data: 249,135,144,255,117
data: 249,135,144,255,117
freqency: 48
data: 249,103,144,255,117
data: 249,103,144,255,117
freqency: 72
data: 249,98,144,255,117
data: 249,98,144,255,117
freqency: 46
data: 249,102,144,255,117
data: 249,102,144,255,117
freqency: 23
data: 249,120,144,255,117
data: 249,120,144,255,117
freqency: 33
data: 249,149,144,255,117
data: 249,149,144,255,117
freqency: 52
data: 249,182,144,255,117
data: 249,182,144,255,117
freqency: 37
data: 249,237,144,255,117
data: 249,237,144,255,117
freqency: 11
data: 249,253,144,255,117
data: 249,253,144,255,117
freqency: 44
data: 249,251,144,255,117
data: 249,251,144,255,117
freqency: 43
data: 249,250,144,255,117
data: 249,250,144,255,117
freqency: 29
data: 249,223,144,255,117
data: 249,223,144,255,117
freqency: 25
data: 249,198,144,255,117
data: 249,198,144,255,117
freqency: 56
data: 249,182,144,255,117
data: 249,182,144,255,117
freqency: 16
data: 249,181,144,255,117
data: 249,181,144,255,117
freqency: 19
data: 249,182,144,255,117
data: 249,182,144,255,117
freqency: 48
data: 249,186,144,255,117
data: 249,186,144,255,117
freqency: 72
data: 249,192,144,255,117
data: 249,192,144,255,117
freqency: 46
data: 249,198,144,255,117
data: 249,198,144,255,117
freqency: 23
data: 249,220,144,255,117
data: 249,220,144,255,117
freqency: 33
data: 249,250,144,255,117
data: 249,250,144,255,117
freqency: 52
data: 249,253,144,255,117
data: 249,253,144,255,117
freqency: 37
data: 249,253,144,255,117
data: 249,253,144,255,117
freqency: 11
data: 249,253,144,255,117
data: 249,253,144,255,117
freqency: 44
data: 249,253,144,255,117
data: 249,253,144,255,117
freqency: 43
data: 249,253,144,255,117
data: 249,253,144,255,117
freqency: 29
data: 249,253,144,255,117
data: 249,253,144,255,117
freqency: 25
data: 249,253,144,255,117
data: 249,253,144,255,117
freqency: 56
data: 249,253,144,255,117
data: 249,253,144,255,117
freqency: 16
data: 249,253,144,255,117
data: 249,253,144,255,117
freqency: 19
data: 249,253,144,255,117
data: 249,253,144,255,117
freqency: 48
data: 249,253,144,255,117
data: 249,253,144,255,117
freqency: 72
data: 249,253,144,255,117
data: 249,253,144,255,117
freqency: 46
data: 249,253,144,255,117
data: 249,253,144,255,117
freqency: 23
data: 249,253,144,255,117
data: 249,253,144,255,117
freqency: 33
data: 249,253,144,255,117
data: 249,253,144,255,117
freqency: 52
data: 249,253,144,255,117
data: 249,253,144,255,117
freqency: 37
data: 249,253,144,255,117
data: 249,253,144,255,117
freqency: 11
data: 249,253,144,255,117
data: 249,253,144,255,117
freqency: 44
data: 249,253,144,255,117
data: 249,253,144,255,117
freqency: 43
data: 249,253,144,255,117
data: 249,253,144,255,117
freqency: 29
data: 249,253,144,255,117
data: 249,253,144,255,117
freqency: 25
data: 249,253,144,255,117
data: 249,253,144,255,117
freqency: 56
data: 249,253,144,255,117
data: 249,253,144,255,117
freqency: 16
data: 249,253,144,255,117
data: 249,253,144,255,117
freqency: 19
data: 249,253,144,255,117
data: 249,253,144,255,117
freqency: 48
data: 249,253,144,255,117
data: 249,253,144,255,117
freqency: 72
data: 249,253,144,255,117
data: 249,253,144,255,117
freqency: 46
data: 249,253,144,255,117
data: 249,253,144,255,117
freqency: 23
data: 249,253,144,255,117
data: 249,253,144,255,117
freqency: 33
data: 249,253,144,255,117
data: 249,253,144,255,117
